1111011001010100100110011010000110111100110110000110001100000011101011011000011011001010010011100010
1101100011111010110110001011010101111100000110001001111101111100001000001111101011001001000100110111
0010111110111110011101010011100011000000001100110010001011111010001101101110000101110111010101011100
0110110101010111111110110100100101010000100011000101010000111010000111111011110101110100110000110110
0100011100010001000010111010111010010011110101000011110100100001001010100100000010101001011010111010
1011101100100110111101101110100001000000011010001011111011011111011110011100110001010011110001111111
1001001100110100100111010010011001010011100001100100110111111011110111010000111110101101010011010011
1110011000100010001111010010111101101010010111011110000110011110000100101010110111101100001011101111
1001110111101100010010100110110111000000101111011011101101110011011101111010101011100000000101010101
1110110010011110011011101101011011111010111111100010010000101000000000001011110001101100000010001101
0111010001000010011010010011111001110111111000101011110111010001111011001001111100011101000000011100
