0100011101011011110011100101001010001001110110111100011010001100111110111101100100011101000111000100
1000011011101110101110000011000110001010010000111011000110110100111000001100111000111001011111110001
0110001000011011001010001001011100000001010111111101001010011111101100011001000010010010100101011010
0100110110100100000111010110100100101000100001111001111010000001001101001111000101011000101001111000
1001000001101110001101100000110001110111011010000010101111001110001110010111010111001101100110000011
1111111000011100110010011100010000010101101101000110110101000010111011001110011100111100000001101010
1010010100110000001110110101101101001110011010001110001011110101100011111010110011111101011001011000
1100110111000000010001010001001110110111111100011100111110111000010111100000110110100111101011101010
1100010101000110110100010101011010100101010111100110011010010100111011111001111011010111110010001111
0100001011011111000001010001110010010001111010111011000100100001010000011101110011111010001100110110
0000000000111110011001110111111110011001001100010100001001010001001100100110101110100000000100101011
1000000000011010101010110001111111011010111100000110010101110111010010011011110101110110100011001010
1111011011111101000010101110000010000011111010000100111011101000010001000010101010000010111001101001
0011111001101001111000111001011111100001001111111100010001101111000001101000001010010111001100011011
0111011111000111011111100001000001111000010110101010001010101011001001101110011010110010001101100010
0111001110000000110010011101001010011101100001001001010101111101011110000100100101101001100010110000
