11011111111110100111101001111011111111111010011101111101111011001110111011111111
10111111010011110010000111111111111111111011011111101011011000101111100011110101
00101001101011101010111100110101111110110100111011100111111111110101010110111111
11110111100111011111111011110010101111100111101111000111101001110101111100111001
10101111100100011111110111111111011110001111011001001111101011010101111100111110
10110111001111000110100111111111101111011100011110111110110011111001101111111111
11111110111010110111100100100101100111111101011101111111111101001111101111110010
11100110110101101111001000110110111111001111110111011101101111111000110111111011
11110011100100100111101110100101100110101011100110110010111001111111110100111010
01111101111001010001111011111011111101101111111000101101101101111011110111011101
10111101101111111001100111111011111100011110110011110111110111111111100001111011
11111111111101101011011101010111010010111101110111101111101011010111111111110101
10010110111101111101111111111111100001011000111111111110101111110101101111111111
11111011001110111100010011110111001110111101111111111111110010011111011100111011
11111110111111111100011111100100100111110111110110101111110111011111010111111010
11111111111010111010101100100111001110111011011110111111010110010111001101001100
11011101101110101011101111011111011111011111011011100101111111111111011111111001
01010111111111100010101011111101110100110101111111110111111111100101111101111101
10111111011110101111101010111111111010101111111110111101110111000111001011101011
01111010111000011010111011001011111111011001101101011111110110110101100011111111
11001000011101101101010101111111111001111010001001110111110011101100110100111001
10100001111101111011111011101111011001011000011000011001101111110111110011110111
11111111101111101111101111010010111011100111011101101111101101111101110111111000
11001111011011100010101011111101101111101111111111110100011110111111011010000111
01111111101101001011111111101010110101111111011011111111011101101001111101110101
00101011100111101111010111111011110011111101111111110011111111111111011010110111
01111111111111111110011111010101110001010011000111011011101011111011101101111111
01101001001101111111110101011101110111011111111101011111111101111111011011111000
10110111111101011111011111011111111011111100001111111011111111110111111111001001
11110011011111110101111111001101111100110111011011111111111000111110111110011100
00110111101111111101110010111010111011010101011101101111111011111110111001111001
01001111110111100111011111100011011111101101101111111111011010111010100010111011
11111100111101100111001101101101110110101111111100010001111111111001110010111101
11101011111111001111111101111111111111111111101011111111111110111001101010101111
01100101111110110000111111110011011111110011011101011111110101111111110100111111
11011011010011101111011110001000111011001111011001101111101101011100111111110101
00110010010101100111111111100111111111010111100000111010111111111111111110111101
10101111101100110101111101111111001110111111011110111111110111111111111111111110
11011011011101111011111111111001110110111111110001011111111111001010111110110001
01101111110011001111011100110110111110101111001110100110111101111111111011111111
11100101101010111100111110111101101011111111110011011110011101110111111010101111
11111111111110111101111110011101111111110101111101011011011110011110111111111001
01110111110101111000111001110111001110011011111101101110111101011010110001011111
11000101111110111101011111011111011111110111111110101011101111111111001011111111
01110011101011111110101111011111110011000111111101011101110111100001111111111101
10000111101100111010101001101101100010111111111111011011111111111111001111011111
10011011111001111101110101011111110101110111111100011111111111101111110111111111
11111010111101111101100100010110011111101111100100101111101111001111111110100010
11000100101101001000011010110011101001110011011011111111111001111111000011110001
11011000111110110111110111110111101111011101010111011110111100111110111010010101
11110111111111111001101111111011111100111111100101000101111111111011111111101111
11111001101001111111111110101111101001110111011111101111111010100011001101100111
01101101101001101111100111111011111110111111001111111010111001111100110111001111
10111110010110110010111100000101101011011101111101110001111111011111001011100110
11010111111111111111011101111011000111111111111111101010001000011110101011111111
11011101010101101111111111111111111101111110011011011101011011100010001001111100
11011111111111001010011110111001001111111010111111011001110110011111011110101001
11101101101010100111110110111000101111011111111011111011111111001101101110101001
10011110111110001110111101001011011111110011011111111011101110110100111011111100
11101010001110111000111010111111111110111101110111010111100111010110111101111101
11111111101000101001111011101001111111011111101111010111111111101110110110111011
11001111100011011111101111110011110011111110101011000111101111101011111101100110
11111101101010100111101011111111010111111111010010111110111111111011111110101010
00011111111011111111001111101000011001011111111111111101011000011011111110111111
10111111110111111111011111110111011001101111100011011011111111111110111101001111
11110111110010101111011101101111111101011011111010111010111110101011101011010000
11111101111111011110111011011011011111101100111111110010011100010100001011011110
11011101111101111101101010111111010111110111010101101111101110111111101001110011
11101111111111010010111011101011111111010111011110111011111011111111001111110111
11111011011111011001100111100001111001110111111110110011111111011101111000011011
11111001111111100001111110111000111011111011111011111111111011011100011011011100
11011010010111111111010101111111111011111111001110111111011111111010101110001111
11011011010011110101110110111110000011111111011101011101100111111110111011001111
11111111011111111111111101110111011111111101111001011101110100111110111110000111
01101111101011100011110111100010111010111111011101101101111111110111011001011110
01001111110010111111111110011100001111111111010111011100110101101111001111111111
10111110110111110111100111111001110010111111110011101111111111011110011001111100
11110111110111011111100111111000111111111111000110111001111111110011111110110111
11111011111111011011111011110001111111100111110001110011110100110001010111111001
11010011001111011010011111111111111110010011111100110001101111110000110110111001
11111100101111001111001111011110001111011101111111110111111110110111110111111110
11010111001110100111111110110110111110001111011100111111011010111111101110110101
01110111111101001101101010101111110101101010110101111111111111001111011111100111
11101111110111011011101110111101111111110111101011111111111100111011010111111011
11001110011111101111001111111011111111011110111111001111111111011111101111010111
11110111111110110101110110110111111111111101111111111001111111011100110010111111
11111101111010111111111010000101111111101110111011111110011111111011111111110011
10110010111110010111101001111110111110111110111011110110101101111111011111111111
11101010100001110101110010011111100011001010001111011111111101101111011110101010
01001101101111111110111110100111111101101111011111101000111011111011111011001100
11110011111100011100011111011111011100111101011111111111011110111100110111111011
01011111101111001010000110001110111111011111110111101110011111010111001011011111
11011111011111111111110011101111111111111111011111000011111110011110111111110111
10111111101011110111010101111011110101111101011101100111101111111011111101001011
01011110011011111111101100111111111011011111111111011111101110111011100011000110
11011111011111101011100111111111101100001110101111111011111101111111110111111000
11110010110010110111111110111011111110010011110010111111101111100001100111111111
11011100111111111111011010011011101110111011111111110011101111111001010101100101
10111110110111011000110001110111111001011111100001011100111011101011111111001001
01110111111111111111101101101111110100010010100000111010111110100111111011110001
01001011011111111111111111011101111111011001111110011111111101000001111111101111
11111111110101011111110110111110111110111101111111100011111011111111011011111101
11110111101010011111011010111100111111110000110111101111111011011111010110111110
00111111110101100110111100111110111011111111111000011101110100111110101110010100
10011101111110111101111111011110100011010001110111111111111110111001001110100101
11011111001111110000101010111111011110111011111101111100101101111111111111111100
11111011111111100010111001101110110001101011101111011110111100111101111101010111
11000101011101101111110111111111101110011111101110100111111100111100101001111110
11101101101001111100111001110111111111101101101111100111100000110011110111111111
11011101010110111010111011110110011001111100111001010111101111111111111111001101
11111001101111101011111111111010111111111111111111110101101110110011101100110111
11100111111101101111111101011110011010100100111101111111110111101101110101111111
11101111010111111100111001101111111011011111110100101110110111110100110111101111
11101011111111010011111110110011010101111111111011111011111111111001110100111011
01111111111001111100111011011111111111110001111111110111110010011100111010111111
11011110111111101011110111101011001111110111000011011011111101111111110101110101
11110110011110010101111111101010111110111101110011111011111111111111110110111111
11111000110011111011011111111101111011111111111101111011101010011110110111110111
01111011011011110101111111101101100111101010110001111110011101001111110111111111
10101101110010011101111110100011111111100101101101110111111101111010101111111100
11000101011010101010010111111101111010110110110110111110111110101101111111111111
01111111110010111111110111100101110110111110111111111011111111010111111011011110
11111111111111100101111111000111001111111101011111111011111101010111110011111100
01100010011101011101111011101110011111001001011111110110000111011111111111011111
01111011110011010111101111101111100111011111111111100111111010111011000111010111
