1001010111111101010111110100110000011001100011001100101110110010111011001100000011100011001111000100
1010111111000001010110101101101001110101101100111100100001100101111011010111111101001011000110101110
1011000101110001101101001011111001000100001111010000011110011010011011101010100101110110000110100000
1101010100101000101000001101011100110100101001000011010101101100101111001011110011010011111001011000
1100100110100111101110000001101001101111110110011101110111000110011001000011011001111001100000000110
1100111011111100001011100110000001001111101100100000011101010110111110010001010101111010000101111100
0001011110001101111110110011110000010110111000100111000001001110010110001111111000000110111001001010
1000110101011110000111011001111001001000000010011000101010001110101111110101000110111001000110001100
1010000110101110101110010110011010001101100101000101011001011111111100111000111110011100001001100111
1100001000001111111101100101011011111111100101110101101001111101011000110011000101010000010010111000
1110101000001000011101101110011111110010101001010100011111000000010001111011110111010011110100000101
1011110010101110010111100011111011001100110001001110001010100110010010101001011100001011110110010010
0110101100001000101100110100000001011110100100100011111111111011001001011000101001100011001110011101
1101101111111110001000011110000101100110100010100101010111110001111110000100101100110001101011001000
0111000011100100111110100000010100100110011010111110001000111110110010001100111110001011101110110110
0101100000001001001001111011111000101111111000110001100100111100001001111000000000000110111101111111
0110001101011111011100111100001010000100101000110101100100010101001011010000010100110001010011111010
1010010010101101001110101000101001100110010011011001111111101101101111101111000100001011010111111010
1110011110100001110001100101110110010011111110110110010010000010010010011101001000101000110001011111
1100001011101010000011110011110010010011001111000110011110011010100111110110100100010111001110100100
0000000001010011101100001100110011111011100111111010100001100011010001100110101011011011001011010110
