1111000011111011010111010110010011010000010111010100111000111101010111100111010011101011101010110000
1101001100011001100001110110000100100100011101000010000000111010111100010011110101110010101100000001
1010010000000100011001000100011010110101000110110110100101000000010011001101001001010100100101000101
0011001001111000010110101010111110000011101111000100001110111110000010010011110001000101000000111100
0000011100011110111111110011010100011011101011101001010101101011101010101010101101111101010011110100
0111001010011011100011001110010010011100101010101000011001000000011101001100101111101111110011011101
0000111011011011011010110011100001111100100010001010111110110110001001001001111100010011110110100110
0100001101101100111111100111000110110110001110110111000001100011000100000101000111010101000001101100
1110111001111000111000000111110111000110010010101110100010100011011001011101100000010000000110110100
0111000101110111001101111110110000010101000001101101001011011000110110001011010000011001011010011111
0100100111110100100011111001001100101101011001000111110011010001111110000111000111111100101101001110
1000001010001101010000111010101101010001101111101011101110100101011101101101001011010001011010100101
0001100110111010101011010111101110001101000001001100010000110001011110101101110100100100001111101000
0010010101110001000010111011110101001111100101111001000111000101110010001110011100111000000000110111
0100110110110010101100011011010001110110101100001111010011001010101111111010001011100100101001111010
1010010000111111111100011010110000010000000111110100010110000100101111000001000000001001100101010100
1110101000010010010010111011010110100001100100011100111001111100010110000000101010010011001110010100
0100011100000111100011001001001110001001111010010011010110101111111100111000011110101110111100000001
1110000110001111100000110110100110011111011010001101001011100111101000010100101000011110010101110101
1110111110010010011111110000101110010000111101011110111110101010101000110110011001110001001001101101
0100011001011011011111110000010001000110110111111110011001000010111001110101111110001110010110110010
1000101111110101001000110011101011000000100110101100100110111001011100101110001010000001100010010000
1100110101011110001010111011000000110101101010110100001011111010011111101101011011000101101011001100
1000111100001000010111011001101010110010010110001110110011101111000111100111111001111111000100011010
0001011011000100100010110100101100001010110100111000001110001101101111000001000011111000100110101000
0101101000000000110001101001100110110010101100011011000111111010101100011110100100000000000100010101
