0100110000110100001100011111101101010010010100110111011100011001111011000001010000010010110000000110
0101110000101100000101101100001100000110110010101101010010101110011100111111010111011000111110001101
0000101100110100011110010101101001100001000011101100011110001000101110100110101110011110101011000011
1011111011100110110100110011111111101000000100011110011110000101100000101001110001010001110001100110
0011110101111001011010100001001101111001110111111000011010111101101110011111010100011001111001110100
1110101100011011110001101011100100010011110000110111100111011000101111111010111111000011110001101101
0011111000101110101111010010010010101100111110010111110110000111000011010000000011000110100110100101
1011000101101110100010100101001110111001101011101001000111000111100001011010000000000111101001011001
0111101010100110101001010010001101101101110000101011100110000010101010110010000011110010011010010110
1110111110100011110000110001110100010000011101101001011110000111110110000000101011010111011010010011
1001011110100111001100101110101010101100001000010000011110000101110001000000111010110001110111011011
0100010011110101101111100000000111011100011101111010011111101000100111101110000001010111110110000011
0010010010100000000110001101001000000100111101100011101011011010010001111001111101000100110101111101
1110100011011010011000111001110010011011100111101011101001010110111100100100100101110110110000110100
1101100000111001101010100010001111101110100011010011100001110111100010010100010110011010001100100000
1101000111000011110111000010011100010010011100010111111010010110100101101001111101011110010101110001
0000011010000001010010110011111010010000000110110001111110001000100110011101000011011001011001000000
0111000001000001001110111010111111000011010100011101101111111000110001100110101100010001100101110011
1110111010011100011001110011011111110111000110100000011101001011111110000010101011101111010011110100
0110110011000100010111111011101111011001111011110111101111011110001000011001001001001101001100001111
0010001100111010011111001000000101101101010111100000010111000000101111101000011100011001001000100111
1001001000100100111101010000001000010001011101101010001100001111001110001000000011111100111010001001
0100000110101110000001000000101111111010111000111111001001101001010111100100101001110111010111010000
0111111010101011010101000011010101100110111100011011010101000000000111000101100000101010000000001111
1110110111010011111101011011000100110011010000101010101111001100110100111101010111110111111010011000
0100011111010001110001111100101001011110100100100010100000100100100101111100100001011011100110000100
1011011111100111010100000011101001101000110011000011010000111111110110100000111011111101000001001100
0011100110011011101111010100111001011000000101000111010101011000110111101111000000001000110010111110
1111001001000101111011111010001111001010100101110000000110111111011111001011110001001101001011011100
1100100000100010011010101111111110110011001111101111100110100001011010010101110101101000001110101011
1010001010100010011101111001100001111000110100100011010000001100000110100101011110111101000011100001
