1001111010010001101101101110010111011011001010000101011111011011011111101110000001111001011100000010
1010001011001000110010101100001011100110100011110101010110001110011100111011110100110111110011111111
1010000011011010101100111100000110110100011011101010100111101001110000000000111110101000100111010110
0100110000011110111100100001110001101111011000100101101001110000000100110010100011100100100011000100
1111100000010011110101100001010110011001101000100110111110010111010101100000010000110100100001010101
0101010110011010011010011001000101111111110010000111110110011011011000101000001010010010011100101000
0100001111001110111010000111000101000010111010101010000101100010110110000100110001010101101110001100
0001000010110010100011101100001010001100111011011100011100011111110010100101001100000001101010010000
0000110011111011011000111010111101101010110101011010001111110000000010000101011010111010111010001010
0011010110010011101101110001101101010001111011101101000100000101110011111111000010011001110110101010
1011110100110110011100010111100010011101111101111000001110011101010011000101010011101001011101111011
1101010101000010110111000101001000011101111000000011000011011110000011000000100000001011100111000110
0010110110010010011110011110110111110110100000011011010010011011111001000101110111100100001100100010
0111011101001100111000010011111000010100000000011101110010101100010010101100101000110111000101101110
0011100111011001010011010011000010001011111010010011100111011110011101001000101011011011001111011101
1111111101110000011110011100001101001101111101101100110001011100010000110111111110111100011010000101
1111110100100011111010101100001010010000011010110000001000010001100111110001010110101001110101110100
0111000010101010010000111000100101010001000000101011101011000001101011000100001000001111011110000110
1111000001101100101111110010010010110010000111001111010011010011011000110000100110010011011001001001
1000000110111000111101101111101010100101101001111010010000011011011001000110101000001101010110111010
1111001110000110001101010000101111011110011111000101110001011100111111000100101101111100110001110101
0111001000001100010100001110010101000001000111100101010011010000011011011011111100100001010100101110
1001110001110110011011011111100011100100100110110001101100000000010001100010110111111110001100110100
0010010110100010000011111001100101011001000010010010100101111111101111101000010010010100011110101101
1101001001010111011110110001110101111011001110011110011000000111011010011111010110000000101111100111
1111011111000010001001110101010000001100101110000010101000010011100001001010011000011101001010001101
1101010101011111101100011111100100111110010000001111000111011001110100100000111000111000001011111111
0011111001111011011011101010111001011111101010100001100100101111011011000000100110000000111100100011
0011111111001101000010110010101101011111001001010001101111000010111111111011111110011010111001100011
1100011100101001111001101100000101100110110010100100010101010010100000111011001001000000011110001000
0011000110000101000011000100100011100001010100100000111011010111100101110111011011111000010000111001
1010110001100111001110111100000010010111000011110001010010011111010100110011101101100101001001111000
0110101101010111000011101110011010110000011101011011000100100010101000100111001101010010011011010000
0100111100100001010010110110100001111111010110000010010000101001101011101100000111110110101011000001
0001000101110100111000101100111000011010000100101000001010010001001001011010010001001100010110101110
1100010110011110101100000000011100111100011100100101001001101110111010000100110001101101101010001010
