0010011110110101110011110111000011000110010100101001001101101110010100000001111101101010100110100000
0010110010101010100011011010110111010011110011111001100101001001101101100000001100011111010110101000
0010111111100001110010100000011000110011111101110100101101010110111000101101000101110000111110001011
1101010110000010011011100011010111110001111110111001110110011001111100000100111000001110001111000110
0101001101011100011101110010010111000000101010010111111000001001001111001000001001011010011000100111
1101011110011000101011111010010110100110011111101100011001110000000011111000101011001101011101100010
0011001001101001011100001110001010001111001010001010111011110001110000100000111110111101001110111010
1011011110100001011011100011010101111010010110010111011011110010010111110111111010100101010010110001
0101001111100111101100111101000111101011011110010111111011011100100011111000010111011100001010011110
1111000001010011011011000001101100011000100111011111000110001011100000101111101110001000111010011000
1101111011011110101101001110011001010110001001011010110100100100110011010011001100000100000000010001
0111110010000110111001111010101010000111111010010100110000110101000110101101100010110011011000110110
1000111000110001111000011010101010010001111110100111011110101011100100111101100001110100000101101001
1111111000111001000001001000110010101110111001101000001101111111101011111101101100001010101001110100
0010110000101100001001101100100001101001110111101000001011100011111010011010001111110100101110100110
0011010100111111110100110101110010101011110001000010001110110001001010100010000110001101111010010000
0110011010010101100101000000000100100011100010100111010011001111111000001010010001110111110010000111
0101100111100011111101111111110101011101101001111010000000101011001011101110000011100111111000110100
1100011110110111110011000110000100111011110100101000111011000111110010110010000110101000001011110000
1000001011111111001101100011101111001011000111101011111010111001111000010000110101011111000111100100
0111101001000110001001000011011110111011001101001110101000111011010010010001110010100111100100000001
0001000100011010100110110110000101000011011110110111111001001100110110111001111110000111011110000011
1010101001101110010000001111100001110011110011010100100100101011010101001010000100001011111001100110
0111011110111011101111010000111111110101010101101100011110011001010001010011110101001100001101011010
0100001101010010001111000010001011101000110101100110010010000101001001010100110111110110100100011111
0010110110001001110011000110011011100001001010010100011011010010111101001011000001000010000000111110
1000101111101110111111011101011101000100111110100111110011100100011011100010010110111101001001001010
0011111101001111000101010100100101101010001011100000001110011101110011111011010111110000101011011001
0011001111001010110101000101100011111010101001101000011001101101010001101101010110000011010011110111
0000100110001011000110000101000000111111110111000110010011111000101111001101000000101001010011111110
1010001111001001001001111111100011010101100000110000000100010000110110010000100010010000000001111100
1100110101101000010000011000010011011001111010101001101000111100111001010100100101100100101000101110
1010111001000100011100111101011110011100011011011110000001001101101100011010000111101111001110001000
1110110110100000001101100100000000110001011110011010101011111111000110111000100101100111011110101010
0100011100101100010100011111010111001011010111100111111100010110011000010000010110011101000010100010
1100100101001010111011001011101110100011000100110110110101100110011110100100111100001010001010101011
0100000001001000000101111000101000101100101110110111100111111100000100110100001100101111111000100000
1010010000100101011001111010101000010010110100010111111111110111110010111010011110001101001010001100
0111100000111111001010001001101011110010010010111011000010100011011100001101011100001010011011101110
0101010011011011111111010101110010100101111110111000100110001010111110111010110110001110000000110111
0001010001101011111001101010100000000100100010101000000011110110100111010010011000011001100000000110
