0111001011110110110011111101011000000000110011100110110110111001111000010101011000101111101011001010
1011111101100011010011011100100111110100001101010010011101110001001100001100011101010000101100011001
1001011110111010001010111000101011001101001100110010100010011001001110001101011001010101110001010101
1010001001011011001101111110111111110010101110010001110111111010111100001000000100110110111100100111
1100001110111001011001010001010001110110011010111110101100011111011101111010101110101101011010100001
0110011000100100101100010100100110101111011010111011101010010110110101001011100110000110010100101101
0110111001010000101001100110001111101011001010011011000101001101000111111111100101001100101100111101
0001101000110001100011001110010111111010110101100111111101111101101111110000010000101011000100000011
1011011011100011000001010001111010100011011000101111100110101010000101111001010011100010011001101011
0000101001100011101010100111011001111101010001011011010000101011010001110000001111110111110011011101
0011001001111011000111111100010110111000110101111101000110001101011010100010100100000100101110010001
0100010100001101000010111000010001111001100001111000000011011010000100101110000010001101101110110001
1111110000101110101010100110101100001100001000001110100001100100110100011100111101101100100011011001
1100101000010111000010111001100011001111100111100100010101011111100010100110011100110011101001000111
1101011001010010001100110110011001101001110101101100111011110011101101111101001101100110000100001110
1100110101100101000100011011001010101001101111011010100001000111011111000001111110011110010010111000
1011010111100111010010111100011001110101110111100100010011110011110100100001000011110010101100101001
0010011011010011101011010111100011011000101001000100110111110100001110010101100111001011111000000101
0101110110001101111001010000001101110111100001111011000010000100101000101010111100111111010110101001
0010110010010111000001011111110011010010000100110000100011111011000110010111000100000111010010010001
1011010111111001111010011111011101110110010010000100101010000011001010101010011101100101000100011010
1101000111000001011001010010010010010110010010010001100111000011001110000001011010101000110101100111
1101111000110111111100100100100100110101101011100010001111101010111001010110010101111111010111100011
0100100000101101001000110001011000110001111111101111010101111111101110011011100011000001011101101010
1011100111101101010110101010001110011011110010100110011110010011011010001011111010100110100001001011
0111110000001000111110101010101101001111011100011100100100111001110110101010011010011110110011110101
1000001010001111101000011101111101001111111001010111001100100001100101011011010011101100010001100000
1000110001101001101101001011001011011101000011001111111010101000110011101100100000001011100010110100
0100001100101001011000101000111010101100001010000010000011100001111000001011110000011111111100100001
0001001101101011101110101100000100001001010010101000110101111110010100010100101010111110011110010001
0011110011001110101000111010110111000001000000011000010010011001111100110011000010011011000111000010
1010110001100111101101101111100100001100100011000111110110111010101010010000100010110000010000000001
1100000010100001001111010001010110000001110010000010011101000000101011011011000010111101110011010010
0110011001111101110101100000100001000101101101101000011100101001110011100110011100011110011000100001
0101010100001110001000100011001010101010010101001110010100000100101000010000001111000111010111111010
1011100100011000100011011110111110001011000110101111100101101010101100011110010101101110110101101010
0101111010010010111101000001010010100000000011100010010110000100101000111001111101111100101110011110
0100100011010110100101111011010110010111010010001010111011110011011111110011011001101000001010111010
1101001000111001011100101110111000111011110110000110010001000110111111110100010010010111010101010011
1100011110001010110001000001100011000100001101000100100100110110010110001100000111001000000111010101
1011001010011000110010000100101101100001010101000100100100111100001000001100111011001110111011101100
1001010011000001100000111011111111110101001011001001001100001100000001000101100011001000010011100111
1001100001110101011010100100010000100110011111011010110101010010100111000111011011101101000100000100
0100000011011000111110001100100110110101101100000000101000110001101000001011000001110100001001111001
1111001010001011101010001001110110111000100000110011001000010001101011001101101010001001011011001100
1110000111110100011111010001001100110011101001011111010001110011010100011101110100100001100000000100
