0110000001011010011000010011001110010010010101010010010110101010111111011001011001100001100010101101
0001010011001110100100101001011001100111101100001001111011110011000110000010111010010001010001100100
1011001111101001100010011000101101000111101111001110010001100100100010010100010001001110111000110101
0000010110110100011011000100101010111010111101000110001100111011110011011100110101010101101100110111
0000110011000100101100011010111001111000010101010011101001101001110110000010111011011111101111111011
0000011000011011011000110111100000000100101101100000110101101001011010110101011100110010010001011100
0100111011010000101011000000001110100101010100001011110111011000000101011011011100101001111110111000
0010110010111110010001101011001101110101010011100110101101111011111001110100111111001000000000110011
1111000000100100100100101001010110011111010011011101100101110000011101000011101110110010001101010100
1110011000110111111011010011001000000011110111111100010111111010101001111000111110001010010011111011
0101000011111110111110101000100111010001000111111001100011110011001001111110110011000100110101000011
0101000010110100111111001101001101100101110100101000100000101000011001110000111110011101111101001111
0101101010110011110100100110110000110111110110110010010101001101000110111000100101011000110010010101
0101101100111100100011000100101000101011000110001001001111001101000110010111101100111101110010010111
1110001010100110110100110101101111101100110001010110011111101111100001100011110110011110111011001101
1110100111011101110001001100011100101110000100100100110001101101001110101100001000110111100000101110
1101011011001011100111000111100010101110101010001001010011110000000000011010101100110101111100001111
1111010010000111010000100111010000011011110101110001010001011001100101110001001110110000001010011000
1010001011111101100011100000010101110011011011100010101100010010001000000011011010101101101001010010
0111001110100000101100111110001111000101011111110101010010011001011000111111010100010010100011101100
1011000101001001001100110010011101000110011111101011111000001001111010000110001001101010000100000000
0010011000101001000110011100101101011101000000000110001110100111100001111100001010011110110101100101
0000101110000111011001101111000001011111000110110101000011010000000000010010100110010010110010000000
0111010100111111000101111001101011101110011110001000111001011111100011111001100011001100101111101100
1000001000100011000111001001110001000000000000110111001111001110101111110011010000000111011100010001
0001111011000011010101100110001110100010001101010111111111001110000100001101100110011110110010000011
0110001001010100101000101100100111000010010101101110000000001111010101111000100111010001011110011110
0100111001010111000000111010000100110011011110011110010011101111101010000101101000000001000110101100
0100011011100111111100000010100101100010000101010010011011101001011000010001011111000011111100100100
0010101011100111111001001100011001111110010100110000111010110010001000111101001001000010001100110101
0111111100111101100010100011001100001000110001011000000010001101001001100100000010110000000010011110
0010001111001110101000111101000010000001101100010011110011001101100011110100101100000111110110101100
0000001110010100100111100111100011011000011100010101101001001000110101111100010010001111111101111111
1011101000010001011011101111001010010010011011100101100111010000110000010001111011101011101001111001
1111011011010101000001001100001000111001111100101010001000101111010001111001010101000100111100011100
1111101001011000001011011001000110000011101100100010000011100110011000101010111001011010111000110010
1110101111011111111001011010100101001010001110010101000010101101001010001011000001101011001000001101
1111010000101111000011001100010010110100011010100000000100110000110101011001101010111111110010000110
1010000101001001010111011110011100100111010000001111010111000010001100110000111111101100010101101001
1110000110010101100010000000101000010011101011110100000100001111110101101101011100101111100010100001
0011000001010100111000100111000110010110101001000001011100010101001100110010111010111110001111011100
0011010111101101101001010000001110110101101100011010010111000100010110101010010110011101110001101100
0001110111001000100101101000110101000010001110111101100011101000110011001100001110011011000101111011
0000111110111110000101100101000010000101110011011101001101000011110010111101101011011010101100011100
1001010000011011001101101111111110101110101010110110001010101100000110000111100111001010100001010101
0110111110001000100000011110101001111111101011100001001010000000100100100011001111000000001010011010
0010100001110101001011001011010001100011111011110111111010010101011100101100010100111011000111011100
0111000110110011010011001011100100101111110101000001111100001111010010110000110010001100011010101101
1001010110001011110000001011101100100000001011110100111101100100010010011111000010111010111011010011
0011101110000011001110000000010111100110110100111100011001110011010011111101111111001010111100110001
0000100010001100110010011000110100100010100100011101101011100100110011110101110010000010000011111110
