1100101001000101000011110011101001100101001011000011000010001000100001011100010111111100010100010011
0111100001100101111101101110001100001011110001010001001111011011001001001111100010110000000000111010
1110000011111101001011101101110101111000100111000100111001011101010101000100101000000000101010011010
0011001100001111110000110010010011001001001110111010011100011001100111010010011110100011110001100011
0100000100000001101011011111101000100010101101101110101000001111100101010000011011000001011101100111
0010100110010110010010100101111110101011111111001101010000110100100011110001101010001000110001010111
0100111110111011110001111100100110101011010110100100101011011011100000110101100011010111110000010110
1101010011110111101111000010000011011101100000000000011010100100011100100011100110001111011010101010
0001101001010000101100011110001010100011011101101101011011001011001000000001110100000100011110100001
1111100011100101101001010011001000100110010111101010000101111000100011110010010101110110110101011110
1010111010110111001111011000111011011111111101100101100011010010011110100010101100000110110000000010
1010111000111010000100011101100000010010000001111011011001011110100011011101110001001011110011011010
0101001100011000011000011001001100110111010011000110010101110100110110010100000010010100100001101010
0111011111101100101111110000011000101001011100100000110011100000110001100001100100101010001010010101
1000110110100101000000011100000001101101011111001111010100110001100111011000010010110001011010010011
1100100011101101100110101000100001110100001011001001001011111100011110100111101110010101101101101000
1110110010110101001100101110001100000011001010100000001110000000010010110000000010010100010100100011
0111101101111011111001000100000001111000101110100001110011011110111010001111111000000100110110110011
1011011100110011101011011000110000111011010000000010111111101011101100000001001100100010000110001111
1010100001111010001111100010010110011111101100010010010100000011001010100100010110111101010111110011
1011001101010101000001000110011101011100110110111010001110010100001000010111101100000101110011100110
0110000001100110101011010100101110000001010010000011100011010111101111100000110010101011100011000111
1111011101101110010011010100101000101001010000000010001100101100111110001100111011111001010011110101
0011011101110110110111011101011100111110110100100001100110101110111111100101111111101000101100010011
1110000100001010010111011110010001010110011111110011011110010110000011010101000011011110011110011101
0101000100111110100010110110010110100101100101100010111001101101010101010100101010100100101101111100
0110100000001100100000111001110101100100001000101101110110001110001100001001010101000011101111110011
1001100011111101001110011001100110110000100010010010111101010111101110011100011101001111011110000100
0100111111011010101110011001111101010010011001111100110111001010110000111000011111000101010100000111
1000111010010010110010111111011101000010110101000000000110001001110111100011011110000110110101011110
0110001010110101111101000010101010000101110101110111110101101011110001011011101010100101110001110000
0110010100010111000100000111100110111101011001000111101001010100100010100100101000000001001011101010
1111000101110011010100000110101111010110001101100001100000011110001000000101000100011110110010110010
0100100101001100010111110111110011100011011011100111101101001110100110010000011001110101101100010001
1111001010100101111011010101100001111100111010010011011101010010111011000111111100011010110100001100
0000000110101011111001111001011101111110001110100010110110110001100000101110110011010011111110100110
1010010000111111001111100110110100011010010011100101101101010110010111010110011010011000110111000111
0110011010001100010110100011111111100100101111101101000111000011000000100111000110111000011001100001
1111111000100101011011010010001100011101101011010110010001011000011111011101000100110100111100000110
0000011101111010000011001001010101101011100101110000110011100110101101000100101010111110011100110010
1101100110100001011110010111100110101100011010000001111001010110111011000101001110000010111110001001
1010101101101110101110001101000100011000011101111001101100100110010110101101101000110110001110110000
0101011110110111010001110010001111110110010010110011101010010110011101011101001000010111111010100101
1011000101011011011110011010101011000010011010100000101110011110011111011000001111011001100110010101
0100011100111110001110010001001100101011011001011101111101011001010101011010100000000100001110000001
0111101001101110111111001011001110000111110100000111011011010100011111001001100100011101110001111100
0000110011110101011011000011111011110011011010011001111010000001111100000111001101000011010101100110
0010010010001001110001001011000001000000101100101011011011010011111011011100100001000000101000100111
0100100100101111100100101111101110101100000111010010001011011010010010011101100001010010100110000110
1110101100011111001001100110010000001011010101111110110111001100101100000111111010101111101001101010
0111010110100001010000101010011101001101111100001010010110110110011000011000001101101000110110101101
1001111111110010000001100100001001011111111100010000101111111111001100010001001100111111011011111000
1100111011110111010111010110101100100011000111100110101110100000111111111101011010101101010110011000
1011000010111010111011111101101001111110010001001000110101010101101101110001100000011100010100001111
0001010101111110111101100011110101010000011101011100001100010110010000110000011001111100110110000001
1010110001110011011110111110010100110001010000011110101100111011100001000110010101010010010101110100
