1101110010111101111101101111011110110010001110110100000011000110010101000001010110010111000100100011
0010101010100011000010100111000110111101100001110100011000100100000001000100111110001011010110001010
1100100011011101001001111101110100010010000110010110101110111110101110111101011010101011011000110001
0011010100011111101100101101100110101011000011000010000100000101110010010000101111011101001110000011
1101101100011001011101111101001101100100100101001100011111010100110111100111110101000101110110101010
0101100010110011001000000100100011010110011101101001110111101111010000110010111001000001010111111100
0110001100001001111000110000110011010011001111011010111101010111100000001110010101010010111001101000
1010100001000110001101000111011100111101000111101111111110101100101111010000100010111110011011011011
1010001000001001100100100101110001100111001100001111111101011000100101010010001010011011100000110011
1110110010110000010000010101100101011110101100110011001011010000011010001011001011101001101110010110
0001110000000110011101100010110011000010111000000001000000110101011100111100001110011011110001001101
1000101001101001000110111101000011111010001001101100101110101111001010001110001010010110101111000011
1001111101010101011001101010001000011010001010001011000010110010101010010000101001111000101011010110
1001001101111110100001111010001111001110101010111101011000110100011001001101100000000101111000011010
1110110000011110011111111100001011110010000101110110011101001011010000100001000001110001100111110011
0101001010010110010111110001001111001101001110110011011011100011010101101110110010000111101011001110
0101110100110111100110100111110010001101101101100101001100000111101100100001010001001111010011100010
0100011011010011011111011011100101111101111010111111010010001011110001101001011011100100010000100100
0110001011100001000000101101000100010110100001011100110101101100000101010101100001101100011001000001
0111001111101100100001000110000010110000010101010100100111010100000111011001010100111010100010010000
0111100101110010110101001110000010011001000000110101100100001111111101110011011010101101000110101110
1110011101011010111111001001011100111010010111111000110101001100011110111010010101111101110010110101
1011111011100010010101011111000101000001010101011100100110000011000011101110000101010010100100011001
1111011011010101110001011101100011100110111000011110011010000100101111000100111010101011101100100100
0110110011111100001100100101111110001001111111001100010001110011000000101001111100101111001001011011
1011011111001001011000101010100000001001010100101100110001111001101111101011011011000000111101110001
1001111010000100010111010101011000001111011100110111111000001010110011000101101001000010010000111100
0011111010101101011010111111110011110001001100001101110111111011001011010011111111111001111001000000
1010000001000100011001100000111010100100101011100101101001000100100100111101010010100010000111010000
0001100110100000100011101001001111000011111111100100001111111000111100000011011011101001101110010010
0010010000001000000111011001001001100101000011110001010101111001001000000010010111101001011100011101
0000000000010001101101111011010100001110100011110011010101100111101110100010101001001000100000001110
0100000011111111001100010010000011010001110101100000010001000110111111010011101101000000000110011110
1011011110010000010101010010000101110100111101100110010100111010110111101001110100110001100110011011
1010010010001100111110101111110001000010111000001010100111110100011100001001110001001001000101101110
1010001000001110010111101010001110111000110010110011100010111110100011110001011011110101010011001101
1001010110110011011110011011001010011101000100101101110111000101101011011110110011001111001011111110
0010000001000100110101000001001010001000011011110101001001101101111100100100111011101001100001011010
0111111011001100100101110101100110010011100100101010110001010110011001011101101111110010000111110010
0100001100111101110110001101100010000001000101011100010001101011010111010001010101011100101100011111
0111100010111010110101100110101011000101011110010000100100011111011101100101010011111011110110111011
0110111110000110110100101100000011110111001100111100010001001000100001011111100001001100000011010011
1100111111001001110011000101001100111110100001110101011011101001010100100010000101000010000101000100
0100001111110111011110000100110101110100110010110100000011110110001110011001100100100101001111110101
0111000010101011101111001011010010010111110100110100011110101010000011111101001101000101000010001000
0111100110011011111101010011110111111111010000100011001101011111001100010111101010110111110101100101
1001100001110101011001001011111100011000111110001100110000110110000010111011111011010000101000100011
1101001110011000000010101011111011110010100111010101010100100101010110101010010000001111001011010000
1100110010100011110011110110000110011001100110011011101010100111111101110010000000101110100100001100
1111100001000111100000001111100101111110010010111011110100101000101110000001110100100001110001000010
0001110110011101000001011100100100000010111001000011000111110011100100011000010111111100001101010110
0001110111010111011001010001001000010101100000000011111111010101000100101010101000011001000111001010
1100001000010001010100010000010001110001000000110100010011010010111000011010000111000111100000000011
0011010110010000000110010011100100000100011101100101010101110000001001000001100100000101101010010111
1110100010001100000011110100010010110010001111111001101011000001010011001011110010101011111111101101
1010010011110000101100011010010001101000110011111110100110111010101001110101110100001111010111101110
0110101111000010010111011100110010001011111000101011000000100111001111011010110111000001001000010001
0111110100101100100001000010000000011011010000110001111010110000110110011111000001001001100010100100
1100001000110011000010000101001101001110000011100111101011010001001011100111011100111011000101101110
1100111101001000111000010110110110010010100101110111101110001010110000011010111000010010011011100010
1011001110100001010101110100101101101001111110011100100011100001011001010110011100011101001111110110
