0011001101110010000101000010100000111100101100101000110010111000100110011111100110111100010011101100
1100011110101010011001111101111110111011000011011111011010001011001101000010010110010011000011101010
1010111101001010010000111110011110000010110111100110100001101100000000111010000011101011110100111001
0110100010010010001100010000010110011110011101011111110100101100101010101110110011110111001100100001
1101100100100011011111010001100001111010111100100010110110000101100100100010010000011110111111000111
0110111101101010111111100000001110110011101000011100101111011001010101001010111001101100101001101101
1111110101110010010000010100001110001110101110101110000010010011100111000011011100111100011011110100
1111001111011011111111011101110010100100101001010001010100000001100111000110100011110011011001000000
1101011110111001011111110011111101111010000111110111001010100101101001110010101110100101011101100001
0110010110110000100000101001111100011010010100010011011110001111100010001101111010011010011010100000
0110100010000111001001000000001010111111101100101010101010100011011011100110111010010011100010100001
0100111110010111010110000111110111001001100010000111001000110100111001100111000000011101000010011111
0101110111111010000100000011010111010101001011010010000110100111110011111110100111011111100011011110
1101011100011100011101111111000000010010101000010111010101110001000011001000111011011100010101011011
0100011000100011101101111110000000110110101011110000101101011100111111110101000100001111000011110110
0111100010110101100101101101011100011100011010111100011010000010010001000000001011010001000011000111
1111000000111011000001001100011001111111001010000010011111101111100011111000101101010111011111001100
1101001011000001011011101011100110010011000010010110000011001111110101111011001110000011000000011010
0111000110000001011110101110100101011100100101010011001101100001000101101111110111011010111111011010
1101101010110001100110110000011011011010101110111111010110110100110110010111110011110110010011111010
1111101110101100100011001001001111110010011101110100011011101111010001110011011000100110101101111100
1011111100101010111101010001001011011011011100101110100011001011010011001011011110010100011100000000
0100110001101000010011111110110101011110010101111000110101110011111000100001011001010111001010110110
0101001100001100000100100111011111000010110000111001010101001000010010100110001111001111110100001100
0010101000010000101010100100101000110111100011110101111101000001001010101111000100000111011001100100
1110001111100010010011110111110101011011111101110011011001010010011001001111011101000011100010010110
0010101010000011000010100101111110001000101111011111101101010101101000010111001001111011011000001011
0011001100100011010000100111100110001011000110101111101110110100000101010000000101110110100001111100
1101111011000001010110011110111110011101000111000111011100011111111100001010011001001100010101110110
1000010100000111011011101011111011001100010110111001111101010101000000100100110001111100101101001110
1000110111001101001010010101000011101010011111000100011100110011111101111111101100010100100001110101
0000011011100010001011101100111000110101100110101100001101111001111101111111001001111011000111100110
1110110010011011100010000011000111100001011110110011011100110011101111010100111010011110010000110110
1110010000010000011010100000100001010100001101101110010101110111111101110001000111010101000111110011
0001100100001111000011101010100100011011111001011010100100010010011011110111111011101000100011110110
0100111110110010011111110111011100000010110000000011110110101100100000111111001100011100001110000010
0010011110100100100001111100100111000000011001001101110001111001110111100110011011110010001011011110
1011110100101111000000011110101111101111011000010110010100100111111110111011101100110001111011100110
1011000110010111110111001111101111011100110011111001100101101110101010101111110011101110100010001001
1010011000110000100100101010001111100100100010100000011101110011010001110011110100111111001101001110
0011001100000100110100010111111111101101100101110100010101111111110110101011000010101000010111010100
0010110000100111110000001100111011110001010010111100110000001010011000001000011000001100110010000010
0011110100011101111011000011001100111011010101101111101000010100001110101110000000011111110110111111
1000000011101000010010000101010010001111001011111010010100000110001001000101001100011011110111000111
0000101001101100100101011100010101110010010010001101001111000110010011000000011000100000001000011101
1010101101011000011000000101001100000111000110101100110110110010000010101000011110111011000100000011
1000100010101000100100001110000100111010010011000110111001111101011100110111111101000001011101000000
0001110001001111100011000100110100111101010111010011110111000111011111101000011001000000011001101011
0000010010101110100001001101010111001111010001010001010001110101101110101001001000010101100000110101
0001010111100101000100101101001011111001011111010110011001110010000001101001100110011110110001100010
0011101011111001000000000010000111011011010011101010011110101000000110000100100000011100101011001111
1110010110010011111011011001100101011100111101101001101110100011110001001011101011111100110110010001
1101000101111101000110111011100101000010011100111110111111101111000001011011010100110001000110011110
1101101101011001101000110001011011011101101000001000000010100101100011111011000101001111110101000111
1111110010001001110000011111010111011010100010100011011101101001101001000011110111101100011010010010
0111011111010000011110001110001010011100000010101111001010111101011001010110000000010011001111000100
1000010101110001111111110110101000010000101110101010100110100111010010010011101010110110111010100111
1001001000101010010111011011101110000111010010111001111000101111110100100110111000010000001100111100
0010000111110101010011001011110000010011100101000000110101000111001010110111011001111011110111101000
1100000010101001010011110010010101000001011000000001000101110000110110111001100010111111100001110100
0001101100111101110111000110111010011000011100001100000101010011011110100010110111000001101100011110
0011100010010001100100110011111100100010011101100010010011001010100100011010011111001001000110011101
0100100001110011011001111011100100011111100011010011100100011000110110000100011011001010011111001100
0101111001110100100110111001110110001101011011000000011100001101010010001001011011101101000101000000
1000000001101110001101100101001111111101011100000001100000010010101111111000011111011100110110001110
0101000100110010011111010111011011001010010010100100110101100100000010111100010001011001000001011111
