0110001110111001001000110000011001100001100101111101100010001110011001100111111000101010111100110110
1010001100101100010011100100011010100111011011010111010110010111011101000111101110101101010101111000
0010100000101110101110000001100110101100111100100101011111010111000100010000000110111101001010000000
0011001101110000101101101010001011101011010101101001010010010110100011111010011001010111111110001101
1000100100111011100111111011110100111001100011110011110011111110111000010010100000100100110111010101
1011100111010111110011000111111110001111101001001111000111101101010000000100011000000001101001111000
1011100110110100000110100011111010000101111000101110010000010111010000101111011110011000011011100001
1000011111111010000001110010010011011100000110111110010110110000100100001100001101000111001100101000
1111111110011010011111011110010010110000001111100001110100000001011100110111010111000001101010101111
1111010011011101111100001101101100101010011111011010000001010111111010110000111010100110111101100011
1001010011000100111011111000101000011000000000111011000100111011111101100111011001001010101010011000
1110010111011110111100100100110001101110110010101101101111111001001101010111111111001111111010000011
0110101010000100011001100011010111111111101001000001010100000001100000111011000110101100010001000111
1111001001101111010111011001001000110000011010001100001001110111000000111001101010010100010000010111
1111110100010101010011011101001100000001010110101000100110100011011101001000100001100010001011100011
0110011000111011000111001100101000111111101010010101111011100111010001100111010100100101101100101010
1000101110111100001111100010011110001010100101010110110111001110011101111000101010011001010111100110
0000011100011101000000000000010100011011011011000100011111111101000001000011011011110111100010110011
0111110001001110111110110110010100111000100110100101011101010110111100100101001100011101110100011000
1010001000010010010111100010001010001111110101110000000110001001100111010001100000010001010111111101
0110011101001001010010110111111001110001011010001010011100001110101100110000001111100110011111101110
0001011000101001010101100110101100010010100001010101000000100010000110101110110011010110000100100010
1000010100010000101001000110101100111111000000010001000100000111101000000010111110010110011110011001
0010011111111011000110011000110111111101010001000000100001001101011000011001011100011100010010001110
0110101101101101111001010011010101100101010010101100100101100100111000110011011000100010010101110111
1111111100111111010111110111000011110011000010100010011010101000101111110001100001000100100110010000
1110111011111101000101010111001111011010000000100010110101100001110111111110001001110001010101011111
0011010111010010111010000101100101100010111110000100101100010111101111011000111011101100101101000110
1010100001101111101001000011001111010110010100101101011010110100001111011011011101001001011110110011
0011101001011111001101000100100101101111100001001000110010111011110101101011101100011101100101111111
0110110100000010101010111001101101100111110111000101111011010000000100001100111000011000110011001111
1101101010101011100000001110001010010001011001000100110000000101100110011011000011100101010011000100
1110100000111110101000101001011101010110110100000111100100001010010001010010100100011011111001111110
1110111011100110010101111011000001000011110101101111111101000010111010011111001101010001001110001101
1010011111001011110100100111000101010010001110010110010010100001000111010101001000110100011111011010
1110100101011011011001000111010110001010001001111001111011101111100111011111010101010111110110111101
0110111010101110101001111011101100111000100100100110111001000101011110101111011110011011111101100111
1101111001111011010011110011100000101001011101001110110100011001110010110010110110110101001000010010
0100111011110110000001010111100100011110011100001111110001001000101000000111110101101111010111011111
1110001101011010101100010110000101000110010110100111100110011111101001011010000000010011000111011011
1110000100011100000000001010100101110100011010000010100001010110100011101011110000101101111000010001
0111011100110110110111000000001101110111000011000100010110011001101101110101000010110100111101011010
1011001000100111111011001111010001011101000000101000000100000101011100010110100111010100000001010101
0101011100011001001010010100100110011000101110011010010111001011000110111111010000000101001001110001
0111111010101001010001010100011011110000110011001101101010111011001000100010111000000110111111100100
1110001000100101011111100110111010010010111111100110111001111010011111010001011011010010110101010011
0000111010101011110010000111110110010111100100000011001101011100011001100011001100011011010101001110
0001100110110111010001000001000101110010011111011100000100100101100110001010011111001101101000001011
0000011001111111000111100011111100101101001100010001011000111011010001010000001011010001001111101111
0000001010101011001111100111010011110100001000001101010000110100000101111011000111101000100111000111
1100100010100001010011010010001101001000001101001100111000001011001110000010010101110000001000000011
1000001001000010100001011111111101111000000010101000111110010101101100010100101011100011000000010100
0000111000111100110111001011000010000001110000001110011001010100011011010000001000001000100100111001
0100110100100001101001011100110100101000000011101011011010101001111111111100001011001100101100000111
0100100100110000001100001010010011011110100100100111110011000110111000001010101100101011100011111110
1111011101011011010110101010010011101110110100011100111001101100110000101110110011001000110100010001
0000010000111110011000110101000100011110111001110110101111010000111000110000000100011011110100010011
1001010110010011101110110001111011100011111101010001010010000111110111010010111000011100101011001001
0001011110011010000101110001101111000101110011011001010000101011100000101101111011010110000010110101
0111110010111111110111100110001000101001000110111000110101110111010001000101010110001101000111110001
1101011101100101010000101100111000001111000110001010110000110101110100011111111100010100010100111000
1100011100100001111101010111010110111110100010000100011100001011010110111110101110000101000101010001
1100000110110110101101111110001011010100101110001101101101010100001111101110000010101001100001010010
0111111011100111101110110101100111000101001011001101100100100100100000100010101110110001011011011110
0100101010111001110100000011111100011010010000110000001000100000011011000010110001101111101010001100
0100101011101110000001111000100010100100011011110110011010001010101101001111101001101001100000001001
0111111100110001010110101001000010001010100001110001001010000011111111110001010010111110011111110100
1111110100011111011101000100001011110110011000110110000010101111111010001001100110000100111010110011
1011000100101101101010101100111111000011001001111110111111110000001101111010011001011000110001101111
1111101100110111100010110110100100111101001111101010100101000010001001000001100110000110001110100111
0100110110011101100001010010100001001011001110001111011001010000100111100011101001000010110010011110
