0001101110000001101010001110100001001110011010101010110010000000001000001110100100111101100001110000
1100100100100101001100100101001011111110000100101010001001011001001011100111101010100100111001100001
1011011011010011010010111011001101111011010000110110111110101101000001000001111110110101111000001011
0011111110011010011001100000011011000001100101100011100010001100000101011011110101000100100011110110
0000010011100011000001101110001111010101111100011101010010100000110111001111011010011001001101100100
1000000001101000100100001010110101111110001111111110001010101100011100111000100001111000000100010000
1100011010100100100010111101001100011111011001000110011001001001000111011100101111000100011010100100
1100100110101010011111011100101010100100101101001110110111001001100111011010000011101011000111001001
0011111010000010110010111000101111111111110001100100110110011000110010111001000001001010011101011010
0110111001111111100001000110111101111011111110010000101110100110111111001110010100110101100011111111
1110101110010010001000010100010010110111100000110100101011111110100000101011101010101110011010010001
0011101110001110100100101000011110110011011110111111000100011110001000100110011001101110101010010010
1010011011100011110101011110101101100011110111011010010101100110101111000001111110100100110011001010
1000110101011111100111110000101111110101011111010010110001010101111111110101011010000100101100110100
0001100011110001011001010111101010101011110011010100100000000011011010100111100110010010010010010111
1100101010000101000011111010101000001000000000111000100000101110000101110000000111101100001001110100
0011111011011101100101010100000010000100111110100011111100011011000001011010011110001100111010011010
1101111101110100111001001000100100110001110001001000110111000111110010110111111101101011000000000001
1001101000100011000111110011110011011000011110111010000110000001010111011110111010100110110001100110
1101010100011110100001000100100000001001110100000110011101010010110001010111110101001011001010100000
0010011110001110010010101010011101101011010001110101110010110001001111101001100010100011100001001110
1011001100101011100001110101101001111110010101011010011001000100100001011001001001000100110001100000
1101011111010101001110010001011001000001000110111010001011001101010001110101100000111001110010110000
0001111111110000001011000101110001111101001001111010001110100010011100101000101101001000001101101111
1101000001101001111110001010001110001100100110101011011111000110111111011100110001100001001000101001
0111101110010011000010011000010101101101111011111010010000101001011111011000000010101001111000100011
1000010111101011000001111101110000111011111111101110111101101000001011000000011111100101000000111101
0101011101001110000100001011100001001000100101101010000101110000110100100001100011110010011111101101
0101100001101001010101001100111010000111000010001111001011101010001000010000111100000000100111010010
0100010101000101010000110100000001101111110110101001011001101010110000100000011010101100101010001010
0011100011101110001001101001000101111111111110011111010101010001000000001100000110110001100111011011
1001010000000010011010001000010100010001100110000001010101011100000111010100100100010111101110100101
1101000101010000100000001011001111101000100000000011101101011100110000101100110111101101111000110001
0100000000111110111110010101011010000010001011111100000110000100111101100110000001011111000110100111
1100001010111011000000000111001000111001001100000101010110001010111000101110101000110101000110000001
0110110111111100111011110111110111001100101110110001100101100010101111011011011110100100001110101110
1010000011010010101011001101000001111000001000001100011011100110000100100000011001100100100011111110
0100101011011010100100011110001001100101000010000101101000001100000011010111100110001000000111101011
0111110000110001010110110101011001100011111011100101011001001100010011110100100101011001101100101001
1001111000010100101100110001101000111010011101100011011000100110001000010000011010111100101111100110
0111010100000011111000111101011001110001011000100001101000101110000101010100101011001111100110001111
0111000110101011101000100110110000010101000111000000100100010000000000101000101000001001100011111000
1101111001010110011010110010101111111011111100111110010001010011101011110010011110100110010110100111
0000100101101111100110110000001101001011001011010010110101011000001010001100011011001111011100011110
0011100100000101001000011010110110100101001100111111001110100011000110111100011010001110011000101001
1011011000010110010101001001011010111001011100101001001111001100011101111001001010000010100000010101
0100000010011110110111001010011110101001101110011001010100001010100110000110111000100111011011001110
0111000100010011011100101100111110010101001100101111010100010001111100110101101011111101100110010110
0011010011100111011100111000001101011111100000100101100010111101100100110010100111101100111100011101
0011010011110011111010100001010100111111001011100011000001101010000001011000010101001010101011101000
0000010101000001101010001000101000111100000100001110111100001011110101010010100001110110101101100110
0001011000110010111000011001010100100110011100010101001111001010011100100111100111000000010000010001
0001111100010010101010100111101101011111001100011000011100101001001000111101110011011001111000000001
0110001011110010101010100101011000011111011010010011010000111101100001100000010101000001001100000000
0111000100011100110011111011111100110110011110010010000111010101101011001111000100010110010011000000
0001011001000101001000000000001110001111101110001111110110101111001100000000110101001100101011100110
0010111100010010100011011011111111111111000010111000111000110011000011010111100101101010010011000101
0001011010011100010101000100111100110111000010001010001011000001010011010000100111011100001011010101
1101101110110000001010010100100001010100000010001000010100010001001101010000110011110110011000101010
1000101111101100100011110011011110100001100100000111110111001010001001010111110000110010000011100000
0110010011010011000101101100100101110001110001100100100101000101010000100001001110001101010101000111
1001000110111001111010101101011111111110111011100100110110101111011101110010111001011010011100111000
0101110100110001100111000110100101010010101111110011010101011110101101011000101100010010101110110111
1101010011111110100110000011010100011101001001001010111110001111111010100111110111101001011110001001
1001110100100100110011111001111111001110001111011101010000111010011000000100011010001110101111111010
0101001110111001011100110000110010100100010010111010100010110110010011110111000111011011101000000100
0000110101011011101100100100101001000110100110010011100011100001000110011000001111110000100100000010
1110110100100100100110011111110110001110011100100101011100111011011100000000110010111111000001000001
1010001011010001000011111010001100100111010110010000111001101100101111001111011000010111110011101000
0100111100000000100010001011110111101001100101111001101000100000101100001010111010111010100101010111
0010110010111000111010101111110010000111101000000111011011010010001010110101110000100101000111110101
0010010001110101111001111110001111110001010001011011100111010100010111110111010000101110110011010001
0011110011010111100100000100110100111011110001001101100100101111100001010111010011110110001111111010
0100011111001000000110001111000010010101011000111011110010000001100111111101010100101010111001110000
0000111101100011111001100000100011110010011011010010000010111000110011010011010001010110110111101001
0001111101111011010010101011011001011010100101010011110101110001101000001111110000111110111011001100
