1000100001101101011011111110011011010110111110101111000001000010100001000010011110101111011011000111
0000101000010000111110111000100010010001000000011011010110011010101100011010000111011100011110100010
1011110101010010101011100001011010000011001000111101100011010011100101110101100110011110010111011010
0101011110101101111011101100111101010110010000010000000001111100111111001111111101110001111100101100
1010110000000100001011011010000100000110010001010011001001001100011101001001100011111110011000001011
1110001010100101010111100110000110110010010011111111100000100100110011011101011110101100100100100101
0101001000011111110110100101100110100100011011110000111110100100110100101111111110100110110111010101
0011000101001100111110101100000110100100000001010111010110001001011000101011100100000111010110010101
1101101001001101010110001101111000001111100000000111100110011000010010011100111011110010001100011111
1110100010011110010010110110110011001110101110011001111011100011110010001101110100011111010111110000
1110001111100011101111101011001110111101101000011001011010100110010000000101011000011000100111111001
0111001010101010111011101000011111010101011000011011001110101000000011111010010110010110000110010111
0111011110000111111001000011100100000011110011110011011010000010111101010111010100100100010000001110
0101011010010100111000000100110100001010011011000011001100110111100010110111111010000100001100001010
1100001011011100111010110001100110010100001110010000000011101101100001100101110000010000100001100100
1110100011001100111110010000010100100011000010101010110101100111101011010010010010100100010110101011
0011111100000101010011011111001000010010010010111011000001100100100010110100110101000111110000100011
1101110100101101100011110101000100000100100110000011111100100101111111010011011110011101001001011100
1010101010110000011011010001001010101011100010010011110111010011111011000100111101110011011010101010
0001101001010101010000011110111101110110000111010100111100111010110110000100110111111111000100100110
1011000000001110110010110100010010111001100011110011111001010110001011100000100101110010111010011110
0101010110100000111000010001011111001010110011111101001100110111100001011000011011000111000001110000
0010111010101010110100100110111011111010001111011101000010001001110011001000111100010000101011111101
0100101111101110011111111001000111011101101011110010111001010101011101101011110110110011101110100010
1000100000001001001100110001100101110110111111100111011011100111011000111101010011111011010000001001
1111101101100011000001000101110011101000111011000001100100100000100001010001111000110000011100011111
0000010010011010010010010111001110110010100000001101110101000110000011001100011011100101010101001011
1111011010101100011111001101101001001010000001100010011111100011101100111101110000111101000101111101
0100111110110011100011111010101101000101111100111101101000010110110100101100101000100011110001011000
0000000111111101010011011000100110010100100110110101011001001110101110111100010000110101100110000011
0111000011010111110011111011111011010111111111110101111000100110110100111100100001011110100111011001
0011010111010010000001111010010001000110101110011100111010000101101100011001111011101110000111001111
1010011110100110010000111110100010010010001001100110010000010110000001011001000100010001011011101100
0101010111100110101110111010111100111011011010110101101110011101000110100101100010100010111110010011
0110101010000100001110011101010000000110011000100011011011101111110111110101111100000110110110000101
0010100111100101001101110011110110000100010011001111101001010011100100001010001100111111101011000100
1100111100101101010000000101111100110100110100010000001100001010111101110000000110011011111100100001
1010101010011101011100111111111110100011101110111011010100000010001001111001101100011111011100100111
1110001100011001011111110101100111011100001101010010110100000001100101100111100111111011111101101000
0100111100000000001000000001110010110111101100010000001110001100110010100111101011101000010010010111
1101001011111010010010101000001010100010110101111101101011001001010100110100110101111111000001100011
1011010100001100110101000110111111001101101101100100000110010101010101011100010100001111100101011010
1011110111110011011111011011100011101101010100100000110000100110111111110100011101101100111000000001
1101011011011010010101001011110101010001001010101111101110010011111111100110101101110010111000001101
0010111010110000001001000111010110101010010110111101111011010101010110111010110101110001111010111010
1000010010011010110011101011000001011100100100110001011101001001110000100100011000000001110100000110
1101101011110001001010000001011001010111111111011101000010101011001100011011110000110011110101100000
0001001101000111001000111001100111000000110011011011001100010110111111100101100000010001010101010101
1111111110011001100100000111001111000100010110010100010111100010110101010001110111010111011000100110
1100000011100100010000110111110010010100010000001001011001010001010110010001100111111101001011100011
1000111101101100111010000110001101110011011100110100101000111001000001001001100011101010100001101100
1100101010110101110100111100011110001000010111110010011101000110011100001101011010001000101011101001
1101100000011110000000011100111001011000000110101000001001010110101111111010001001010010101110111101
1110000011110011111010000000010010001000111100100100010011000100001110100001111111000100010010011101
0101011111111000000011100001110101001011000011001010000010010010110011010010001110111000100101011010
1011111010100011001101110010011110110010100101000111110010010011111110011111011100111110100110100111
1010000110001011100010001011110011011111100111001000111011110101101100101100011000011111010110010011
1000101101100010100010011100010111010010010010010010110100000110110000101111001110000010101001011110
1011000001111010011111111011000101001111010001011001101000101001100001100110101100001000010001011111
1001100111110101010111011000110011110000011101001100010100011011111101110011000010101011100100101101
0101001011101010011100001001011010110011101001000000100110001010011001011001100101001100101001111011
0100100101011011010111111110001000111100111110000001011100000101110111100110001010110011100100111101
0001010010001101100110111110000000100101000001101111101010100000110110100111001101101010111101111011
1010101100101000010011000110010111000100011001111111010011100001001011111010010000111011110010110111
0011110110010111010110010101100001001101011110100011100001010110001001111011100110011011100011001001
0000111011000101010011101110000111000111001011111010101011010010110110110100100011100111101111000010
1000100100000001011011111111101101000000101111111110010110001101011110111101000011111101001000110001
0010111011011011101000100011010011001001110100110100000000000000010101110101111111011001010110100100
1100111100000001100000110011100101010101000001101110100010111011110000100100001011001001110010010110
0101110111101110100101011111010110110101101011010100110000101011110010011011110011101000001010101000
0111111100010010100011000101111011100101100001111100000110101001111101010011011011111011100111001011
0100101001010010101000110010111111111101110110000011111000000111111111101010010111100110001100100001
1011111010000001111011101100010111101010011001100100010011011010100101101110100011101000100110000011
0010000011111010001111010010010001000011011000010100111011011110010110010110011011101001101010110010
0110000101100111011100010100011000101001101001000010010100010010101110111011000011100011100011110001
1110011110101110010010101101011000011100111100111111110000100001111001000000100011000100010000100000
0101110100100010000011011110000010011000101110100000110010011101001110100010101101100111011001100101
1011101010111101100110110000111010111011011111000010110011100111110101010101101101110100001011000000
1010001111110111111000000101100000111101000101011001000001110100000111010010000010011001010000111100
1010111100001100001100110100100000000111101010110110000101100011101101011101010111110111111111101000
0001110010011100000111101001010000111110001100110011001111001011011000100111110000000110110010011010
