0011010111101110110011111001111110101111101100100011101101100010101101001100011111000100011110110100
0000101101011100110000110000000000100101000111101001011110110000010101110111100111001111111011111000
1010111110000110010001000111011111011101110100100000110110000010110111100100001110011010011111111110
0010001110110100010001111010110101100100111100000101010011000101000111100011101011000011100001110110
1001100000000100011000001000010110100111110101011100011010101011100000111101111111001010001011011101
0100110010110100011001000100101011110100011010110101010101110101100100110111011101011101010011101010
1100001001100110111001110101010001001110111010111100111110110100000100000100110100110110001101101100
0110011010110010001001011001101110011001010101000010101010000110000101001100011110001110011010101111
0000010011001000010011111001111100011100101101111000101001010011100101111101100100100110111111000111
0110010111101111101111000101100101000110001110011110110001011000111001101110000011111110001110010000
0001101011001010011101010111101011010111001101100110000011100001001111010000101110110011101011111110
0100010110010011111010010101111000011000010000000000110010110110001101010110100011100011010100101001
0010000010011001000001010100000011111101110101101101010100000100111101100011011111001010000001101010
0011000110010110110010011011110010000111110011010111010110101000001101110001001111110111011010011011
0101000011101111111101101000111001010001100100001101111010010111000010100101011101000010111111011000
0010001100011000010000101010100110010110001110101000000100100001000011011001100100110100100111001110
0000001111011000101111000011010110101010010100101011101001111010000110101001111111110101110000101111
0010001001011000000110011100111001101000111010100001110011101001111100010000111011001001011100011101
0101001110101100100101101000001001011101010011110101101011111011011101011011001100010110010011110111
1010110000000110001000100001101001010101010101001111011110000011101100101110101000110011100100111000
1110101001111100100111111101000110010101010010000011101110100010001110110000101110100010111000100000
1111100101000000000010001011110101011100101101100001011010001011000100101011000011011000001001110100
1010011001111100111100111111011111010011001110000000110100101101111010101110111010101100010110110101
1001101011000110111010001011101010000001101100001001111001111111101100010000101111101000010000100011
0101000011011111100010000111001100111110100000001101110000100010011011010001000110101000101110011110
0010010101100110010011010110100001110101110001111010111110100000010000000010011100011101011100101011
0100001101010101001110100100100010000011111000001001110100001010101011101001110011001011000001111101
0001000011101101010100011111010001110110110010001000010101000011101100111010110000011010101001011010
0100100111110010101100111000001100101110011101000101110010100110001011110100111100000101011000010111
0000010011001100000000011101001111100111010000011011010110011011101011100101100010010101010001001001
0000100001101110011111110011000101001110001000110111010001000111110110101101011010000101011110111000
1001100101010000100111010110101010010011000001111000110110110010001101110101011001100110010101001100
1111101111111110010011010110101000001000101101111110100000011001010101001000010110011111010000100001
0010111101110011001011101011111111001100110001010010101011110110101010111010111100011100110101100100
0011011010110001011011111010010010010110011011100000011011111111110001001100110000000101100100111000
1010111101001100110101101100011100100111010101010011000111010001000010101100101111111111101111000110
0111100000101110110101111000000101010100011001000110101110101011101111100111001101001100101001010000
0000110101100011101110011110001001000101100101001110101110010011101010011010001101000101111010110001
1111100101001110000110000010011100110010110110111110110000110010101001111100101011010100010101110110
0000001101101010010111100000101111101100001101000100100100011111100101011001110100110010110011101001
1101011110000111100110101010010011010010111100000100101010010111100101111010010000000010100100000010
1111110010110001001011101110100001101110000101101010010100011110011111100011010101100100011010011010
0010111000111000111100011100000111100000101001011101000101000101110100111011001001000101010111101001
0111101000000010111000111111101111001011111000100101101111010110110110110111001000000010000011010010
1000001111101000110000101010011111001111011110000000110011000101101111001110110011011010000101000100
1001110011010000101000111110011101100000000100111100000111101111100001001101001000101000101011101011
1110110101011000011011100001011100000010000011001000111100111010000100011100010100111100101000101111
1111101001000010110111110001011100110110011100010001110110110011110100110001111111111110011100011000
0110111001110100100101000101001010000011001011111001000010111010111111110010000101110101111111000000
0101101110011100000110010000000100000100111000100101011001101011110110100011000010000000011001000010
1111010110100001011101000001111011100111000101101011111001110011001111110110110111100110011011111011
1011110000101110000001111011110001110010011110101011110000101110110111111100011001010111001101001101
0001101101010111011000011101010110100110110101100010010001000011101011110110101010010011010100001110
0001100000011110101010011101001110001000101100100010101001101001101010000001000101001001011011110001
1101101111010111010010011010111001111001000100000000000111100001000110111111011001000111101110001110
0100000000101000011000000010101010000000001111111010101010001101111100010111000011100010100000001111
1011000101011111101101101101011001000011010011100111000111010110010100010110101101101111011011010100
1111110001101100011110101101011100111001000011111100001000010101001000100001111001000011001101100100
1101111010110000111101110100000110100011000101110011010011000101000100100000010101010110100000001011
1011101100101010110110100011100111001111011101110010001011100001010101100000001100101001010100001100
1101000000101100110000010011100111001011010101111010111010011100110101000011000111001110101000001001
0100101111000010010100001000110101010001110111110100101111010111000010111101111000111001100100101110
0010101111001000011011101101010011001101001110011101101010101011001111111101011011100110111100000111
1011110001011001000011000011100001010011000100111000010001011110110100100010001000111000010010011100
1101100011100101000011100111110011011101110000100111101111101110111110101011010011111111100000001000
1010111111001101101111110011101011001011100000010000011001101011000011000111100000111110100111100100
0000101100001011111101110111011111100111011110010010111101111011100001011110001010110011111001101101
0100101010111010111111011101101101101001010000100010101110001001100000010100111100011010010001100111
1010001000110100010100100010011101100001011100011100101101100101000001011101001111010110001011110001
1110001011101110011011110011100001000110111111100011010100110101011110011110100000101101111100000000
1100000011101101101010100000011101101011111001111010100001001001000101100011010011011111010001010101
0011100110110000010001111010010011001111100100000101001010001101110100010101011101100010001111110101
0010101101111001000010011001110011110000011001100111011000011011010000011110011101000110101001011010
1111101111000011110011110111010000001111110001110110110100001100001110010011111110001100101001001100
1100011010111101011111111101101111100011001001101001000010010111010111000100001011110101100101111001
1011000101110110011001101110101011110100110000011100000110011010100111011000100110011101010111001001
0100100000001101100100111110000111011011101100110001001010001010010011011111111001110001111000111110
0010111100001101100001100111011110010110100111100000101110111011110000101110100100000110011111110011
0101011100110101110000010110001000001111110111000110101111111010110111100110000000111100100001011100
1111011000111010110010011111100001010110110110010110001110101001011101110110011011101001101111101010
1001100001101001001101011011001001000101100101101011101000010111011000110001111011011000111111110100
0001100010010110010111000100110111101001100010000000111001000010101001011010100110001101000011000100
1011110011011011011110010101010111100111001101011001101110101111111111100010111001010101111101010111
1000100111101000111001110000000100101001010010101110000010111110100111010010101101101101000011011101
0001110010110000100100001001110000100100011100100101111100011011011100011011011000010111101111101110
1110111000010001010101111110111101101011100011100100110001001000001110001001101011110001000100011000
