1101110111111101110110100101001111100001000001101100010000101001110010001110000100101001001100100010
0011010111011100011011101010011110101001111101011010011111010100111110111001001010000011001010001110
1000000110110110001101110001011110111000010011000111010111100101100011101011011100111100011001010110
0111110000111100000100011001110000011101110101101011110110100110011100100100110001111001100000010110
0010011100001000110101101110110111111000001110000101111010011010010000010110111011101010110001100001
1100111111100010010110011010101110100010110001111111100001010100100000101001000100101011010001010010
1010001000010001011010001111110011010000111011100101010001010101011110011001111010111110010111001110
0001011011101100000010101001001101101111000001000000101001110011001011010110000011000101110011010100
0111011010101110100101000010001111110110000011110001110000111001000101111100000010100011010000101110
1111001101011001011000101010110000000000110111110000110101010001010011110011101010010110100111010011
1110110111010000010000110100011001101001010100110101000001111100100101101011110001100001100110011000
1000000110001001100111101101000111110001100011001110100010110110111001000110001010110001001110101110
0111001010101010000000010011101101101111101101010100000001011001000011001101111101100000100011101110
0111110111000011001010010110111011001000001000011000110110100000101010001011110000110011001111111011
0000010101101010101101000001111100010010100100100000111111101111010110011101110100001000100101001111
0111010010011110101001101011001001010110011001000000111100100011110101010011011010011101100110111001
0111000011101011111111101011111110110011001111010101101110000011011011001110010000011001110011110010
0110111010011110101100001110010011011100100111010101011111110111000100100100100001110000101000001110
0111110001000110011101110000111110101100011101100001010011111010110001011100010000010100110111010001
0101111100111000000111100011111101011100111101000111011011001011010111111110011001101000100100010001
0111111101001000101001100001100100011010101000010100011000011110111000100011001100000011100110011000
0000011100110011000010011110110010110000101011001100101010011100001111010100101100000001110100011000
1110110100000001000111001000001110101111010110010011001001000101101100001111001100101100001110111011
1111110001110110011010000110001000011010111010101011011111110100110100001111110110000011011111001011
0000000000010010010100011011001101110101010100111101000110110100000001001101100001100110100111110111
1000111100010110101101000011110110011100001110001100111011000100100001101111110001111101101000101010
0000100000111101001001100011111000000101100100100100111000001010100101011111101011001101100110111011
1000010010010000100010110111001011111010100011100101111011000001011000111110100001000011001110110000
1011011000110001011110100101100110001100100011100101100100011001101001101001010110111111100110111010
0101101101100001101011110110010010011001110010010001001100110000100011011010001101011111110010110011
0111101101100011011010010000001110001100111011011010110010100011011110100110000110111111011001001000
1101010001010101010101101110101100110101111000011111110000011110011010000100110001110101010101001001
0100010011001101010001111010111011001111101011011110110101101001000110011000011011001111100100010100
0011111110100011110011010100100011000101010101101010111110100100001110101100001011010100010001011000
1000111111001001001110011101000100011010000111010000101010010111000011010000011000000001100111100010
0110111010010011101000010101001011111111101100111010010111110001010000000101000011011101111010010011
1101110010110100001111011001100101101100100011111011110011001101110101111001110000101100101110000101
1110011100101111111111001110001000110011100010111011000110010101100001010000000000101100000001011111
1011110101000010001001000111000011111111110111001000101110011011010100001100100100101010101000101100
0001110010110011000100101100001101011001000111010001101011110110110101111001100100001000000110011101
1110110000111101111010101011100110010110010010010000110000111111111011101111111011010001011010111010
0000011011010000011110110110110100011100101101010101111110100011111001010100100110100101111100000110
1011110110110111001010101001000111111001000000011101101000101111110101100001111111011111011110110001
1111110110100011011001000100101011010000000001110101000000110110011100100110011111011111110010101110
0010000111001001011000010101110000010100100111010110001011100011001110100101010101101001101011011111
0100001011011010100101001111101101001100000010010111001111010101110001001000101011111001100110000101
1101110010110011000010001011100100010011010110010000001100011101010101010001100101110000100010011111
0010001011000011100101111111110110011010110011011111110101111101100101000010011110110100001101001011
0011100000011100101010001101000101010101111000100101110111101111001111101101000001010110110001001110
1111100100111110011110100001110000110001101110100010000010000001111101101100001010101110000111110101
1001101011000110000111011111001110101110000010101010001111011111011110111010001011000110100001010101
1010011101100011000001110010110101110101100111100000010010110100101011111001100111001001110000011011
1000001100011110110111010110100100000001010011101000111100101010011001101000111100110111101011000010
1001001100111001101110110110100011100001001110000000011010110110011101110101100100110001111001110101
1100011011001101111001010010111001100100101010000010101010011110100001010101011010100010100010111101
0001010000000111100011000100000100000010000010110010011111010000001111110011101001001011011001110001
0100011000100000101001000010010111011001101001001101111010001001001111100001000000011111001100010101
0101101010011100111110000001110100001001111101001001000101011110111011010000101100011100001001010101
0000000000010011011110111010101000011011000011011110000100001100111111001001111010011100111110001010
1100011000000100010111111101101100111011110110101100101100101001000110011011011011111011110100010110
1010101100001011000010111111010110110011010111010101001101010101010101101011101010111101011010101000
0110101110101010111000000111010000001011000111110101000110010000001010010111011101111110111111000100
1001100100011011011110001010001100100010111100101010001101000100111000101011001110000100101011110010
1100111001000001111111000010011101110111001010000101000111001000101101000100011100110111111001011110
1100010001001010100110110000100000111101101111000001100000011111000011001010111100011011110101111001
0110001100011111101000100010011101011011101001001101101001011110001101100000001110010100111000011001
0111001001010111011111011100101100001001101001010001111101000111101101000101100101110111011101110101
0011101111001010011111010001001001010101110101100010011000011100011110000111000010100101010000101101
1010000001111100111110110100100110101101010110111111100000000100101111101110010110100110100111101011
0111010010011011011100010110110010110100001101101111000101011011000101110001010111011011110110010101
1111000010101001101001101000011101011100101100110010010101010010011101011000100100100010101111110100
1111111010110010011011001011001010000011101100100101110110111001111101001101111110101111000011001110
0111011101110110001101101001110000100011011111111011010110010110111101010111111010101001011101000010
1001101101010110001110010000000111101111000001111100011010011110100011111110010000011000001101100011
1101111111001100000101101111111001111111001010011000011110110001010111110101000010101011000110000010
1011100011111101110010100111010010101100100100110111011101101011011000010110011100101011101101101001
1000100000101011001000111111000111010000000011001011000100110010001010101100111100001100010010110110
1000001101001110101100111110101001001011111010101001110100010001100010011011010110100010101100110111
0001011100111110011000100100011100000110011000101111100011110110110110001011100100111000111001001011
1011110100001100110110001011010111010110111101011010101111001110001010110100010011111101110011101011
1111110111100100101111010100100110111001011011000101111101000000111011011010000101100111001110000001
1101011110010001100001100111000000011111011100000000111100110110010001010100010010110000100001001000
0011000100000100111001001001100001111010001101010000110000000110001101111011101000111110011001100111
1010011111000000101001011001100011100101100001111110010101001001001111000010110011000011110101010110
0101111000001011011000001111000101010011101110010111010110010001011101100011011100100001001100100100
0010100010110101000101011000100001000001101011101111110001110111100100010111101100010011110100010011
0010100101111101001010110110101100111000100001000000000011010000010110010001010111001010011000010110
1110010001011110101100000000000010000011110110011111001000111111100010111000111100010110100010101010
0100011111110010110111100011110000011001010110010011100111100010010011110000111101101110110010001110
0101101100011000000011101110010100010111010000101110010110110000101001110111101111010110111001101010
1011111011011011001000111111001110101001101000011010100000001000000011011101000011101001001000001111
