1101100101010000001110010010001100101000111100011100011011110110011100100100101010011100000010001000
1100010110000101101110010110101010011001010111111011111001100100100101001110001001011010011011000110
0100011110101000011010011101111000010101101101100010011100101110111110100011011001010100001101000100
0001001101001011101001110100110000000000010010101001101101001011110001111111111001110101011100111001
0001100000010111010100001100010011001011110000110100100000010101010101110101001010001000011101111111
1101111001101011111010101110111001000001111001001010001111010000101110010000110011110011000010011101
0001111001101011011101111100100011101110111100010010111001101011000011000100111010010111011110100100
0010000100101001011101111100001010111000001110110101000000011001001011111110101010111111001101101010
0011111010001100000010001111010101100000100110011001111100011101100101011111010101110101101101110111
0101111010011011011010101110000010001011011100001100111010100001000100101001100000100011100000001110
1111010111000100111001000010111001001111110110010111011111110011010100101100010011100010010001011011
1100111110001000011000101100011110010011000001010111011111110010111101011001001101111101100101101011
1011100011011011101000011010101001100000010011010111101100100101000110100101000101001111000010000001
0000100000001111001000101011001111001111000010100011011001100111101100010100100111001000110000111100
1110100001000001000111110101111010100101010000011110000000100000111100111100110010011011001101000000
1001001001110011000000001101010110101111101110101111100101010011101100110111001110010100111110011010
1111010110111100110000100101111111001111111000010100011000100100000011101100111000100110011101001001
1111011011110110010110101100111000101110011101111000110000010010110110010100001100110111100010111101
0111110010001111111000000100011111101000100000010101010100010100011001111001100000100001100101101010
0111000000111000110001011110111000111110000010001111011101001000111111110010010010010000011111100100
1111110110001111000011100100011111100011011001100001101001101111000001101001111010000011001100101111
1000000001101101011011100010001001101100011100100011000111101001000010011010100000001111000110001000
1110111111101011110101011010011101101100100000101000011001011000010111010011111110010110100001010111
0001110111111000111101101001010100010010111001001111001010010011000011101101100101111001001001010100
1100000010011100001111000000001010101101001010010111111011011100101101010000100001000111110101001001
1111010100100110101101010100110010011011000010110101100001001100001010111101111101101110010011110101
1111110101010100001110110111110001111011001010110100001000000100001111010100100001101101011111010111
1011101110000110001011001000100010000110001110101101101011011110000011011000101110111011001101001011
0000010000110010111010110100000001101010010010001100111111111001111000000101100011010111011111100101
1111000011111101100001101100111101101111011001101011001111010000100100001010011000110111001000100101
0110001010110111000110011001110011111101111101000111010100011011100101111001100101100100100111101101
1101111001001110000110000001111000101010110110101000100000001010100011010000110101000101010010100010
1011000101000111110011001101110101000100011111011100111100010010011100001101010100110100101011001000
0011001100100111001001101011010001101100011100100111101001001101001000011000111001110101100111000001
1100111010100001011111101100010110011000111010011001000011111001110000000011110111110000101000111010
1101010000101010000111101100101000110100110101100000110010011111011111110110101111101000001110001001
0000111101111100101000100100101010110001101100110110011101100000011011111000110100000000101101100110
0101111011001000000000011101101110011101111001110111001101101100111111010011001010100100001011101100
1100111001011111011001110011111001101001000011110011101000010000110011011000111110000000101011010110
1101001101000001000011010100010100000101100101001000100011100110001111100001101001110110111110001001
1011101010100001010101110010100111011111010110000001110000000000110101111100110101101011010001110001
1011010010000111110110100001011101100100101110000010010100110111011100110111001110011110001010001010
1111101110011011101110111001111011100111001010000010011111000011000110000011001001001011010101111101
1011110101011000110110011100100100110111010111101010011100100000110111110010111111100111101100100011
1001111000001110010011011101000011001110100011001010000001110001011110101101110011101011011000011010
1100110011011011110111001010010010001110110101000010011011110110011110100010111010001111101101001101
1110011010000001100110110010010110000100101011110000000101011101101000110011011110100010010111010100
1001000101100001000100110110100010111000100000100110001011100010001010110100100100000001010100001011
1110101000010011110101101111001011111001011110000000101000001101010011101010011110111011000000000110
0010001100101011011111110101111001000001110111010001011011101100011101110100011101100001000010111010
0101000100100111100000000101111011000010000011010000110111011001101000010011100101111011100111000100
0000100100000111000111000010111111101000010011111010011110001001011001111010001100111001101001010110
0010110001000000001110111011010001010101001001011110101110111010011011101001100100000100010111010111
0100110001111110001101110111110000000010101101000110111101111001101111101000110000101111011011011100
1110111100100101100001001010001101100101000010000101111011010100001001011100010010111011101000101101
1101100000110101111001000111001000010001111001010111101011110000001110001110010001111011000110011000
0011001010011010100010110010000110000110011001000101110011010001100100000001010010000111001110111001
1011111100001001100101110010110000010111000001001100001101110100010011010011101011010101011110110110
1110010110111101001000110000111110011011111011011011001110010011100110111111100110011101001111101001
0100010011001100001000010010100111000101011010011001100010101010101011110101011010000011110110110000
0110001010010110100000111000101000101010011010111111010110101001100100010110001110101010100101101000
1000100110010111010110101010110011000001000010001001100111000001001010111001100011110100111010000001
1011101001010100000100011110101000101011111000001000110100011101000010010111110010000001101111000111
0010001001010001101100001100100110000110001100000001100011110001110110010010010011000000101101011101
0100010110011010111111100110001100000001010110010111101101101011010000001101010100110011011010100011
1101001000001100010011110010011011110001000010111011111110101011100001111111100011100010110110010101
1100000111001010110110010101001100011100111100101010010111000001001001010000011111011111101101111101
1111001011011101000001110011000101000011011110100010001011001000100111111010101011111111101000101101
1100011110010001000010111001100000110111010110111000011010111110010111100100000100111010011100010001
0110011000101111010000100010111101110100000111011011111011100011100110011101111000011110111000010011
1000110011010010110010100100010111000010001010101000000001110110001000111010110111101111001000100110
0101010010110010101011010100010110011001011110010010100010111110101011111110000010100000010110011000
1011110000111011101001001001100110110000100111110101011010000101000000111001000111111110001011000111
1000010011110110001010110101100101101011011110010100110101111011001101111101100000001110110011000111
0011110001101111000100100101111010110011110001101000111011101010001010011111110101010100000110101011
1000011110000011010110100101011100011100111000011110011000000000110001001111110000110111010111010111
0101011010011110101011110101100111101000101100101111011010101011010101010110011011111000101011110111
0000001010001100101111111001110000110100001111011111101111100111111000100000111011010001010100110110
1110101111011010011000001010010110101110001001000010111010111011001111101100010110011101011111110101
0101111110100001110110100010011100110101110011100011011000110000110011011100001010011010101100011110
1100011001001010101001111111001111011100001111101111100000101011011100100010000111101001001001100111
0011000100000001111111010000111100010100001100010000001110111010101111100110111010100000000000010110
1000010000100000110011011001101010010010101110000000101101111110101000001000100001111100011110011010
0010110101010110101110111110111100001111111100101101011010110000110001001111100001011100010011101000
1011101110101101111000110011100110011110011111111111101010001101101110001011000011000010111110111001
1000001111010100110101011110101100010101100000010111010101101101001001110101001101011001100110100101
0000000111111110000001111101101011011111000000111111101100111001110010001101101000000010100010001000
1010110011110001000010101010001111111000010110100011000111101100000010111001100000111111000001110111
0111100011000011000101000101010011001100100011010111010101011000010111110110100010000101101010110100
0111110100001010010000100111111111010000101100000001011111100111110011101111011101100101111110110001
1011110110000001110101010011110110110010011000111100001110100000011101010101110101011110111101001100
1100111111010101101011000100010011100111000011110010101110110001000011101000001101110001000010010000
0110011011010110100001101100010111100000100101011111111001000011100010011001000000011010001000010000
1100100101000001111010100010010101110101100101001101011111010000110100101111001100010111001010101101
0101100110111001000000011100011000000011110010000101010100010110100010110111100001001101110110110001
0011101101011000110100110110001110110111011100101000000101101111001111001111110111001010010110011000
